 #           1           1           1           1
           1           2           1           1   0.0000000000000000     
           1           2           1           2   0.0000000000000000     
           1           2           1           3   0.0000000000000000     
           1           2           1           4   0.0000000000000000     
           1           2           2           2   0.0000000000000000     
           1           2           2           3   0.0000000000000000     
           1           2           2           4   0.0000000000000000     
           1           2           3           3   0.0000000000000000     
           1           2           3           4   0.0000000000000000     
           1           2           4           4   0.0000000000000000     
           1           3           1           1           1   0.0000000000000000     
           1           3           1           1           2   0.0000000000000000     
           1           3           1           1           3   0.0000000000000000     
           1           3           1           1           4   0.0000000000000000     
           1           3           1           2           2   0.0000000000000000     
           1           3           1           2           3   0.0000000000000000     
           1           3           1           2           4   0.0000000000000000     
           1           3           1           3           3   0.0000000000000000     
           1           3           1           3           4   0.0000000000000000     
           1           3           1           4           4   0.0000000000000000     
           1           3           2           2           2   0.0000000000000000     
           1           3           2           2           3   0.0000000000000000     
           1           3           2           2           4   0.0000000000000000     
           1           3           2           3           3   0.0000000000000000     
           1           3           2           3           4   0.0000000000000000     
           1           3           2           4           4   0.0000000000000000     
           1           3           3           3           3   0.0000000000000000     
           1           3           3           3           4   0.0000000000000000     
           1           3           3           4           4   0.0000000000000000     
           1           3           4           4           4   0.0000000000000000     
           1           4           1           1           1           1   0.0000000000000000     
           1           4           1           1           1           2   0.0000000000000000     
           1           4           1           1           1           3   0.0000000000000000     
           1           4           1           1           1           4   0.0000000000000000     
           1           4           1           1           2           2   0.0000000000000000     
           1           4           1           1           2           3   0.0000000000000000     
           1           4           1           1           2           4   0.0000000000000000     
           1           4           1           1           3           3   0.0000000000000000     
           1           4           1           1           3           4   0.0000000000000000     
           1           4           1           1           4           4   0.0000000000000000     
           1           4           1           2           2           2   0.0000000000000000     
           1           4           1           2           2           3   0.0000000000000000     
           1           4           1           2           2           4   0.0000000000000000     
           1           4           1           2           3           3   0.0000000000000000     
           1           4           1           2           3           4   0.0000000000000000     
           1           4           1           2           4           4   0.0000000000000000     
           1           4           1           3           3           3   0.0000000000000000     
           1           4           1           3           3           4   0.0000000000000000     
           1           4           1           3           4           4   0.0000000000000000     
           1           4           1           4           4           4   0.0000000000000000     
           1           4           2           2           2           2   0.0000000000000000     
           1           4           2           2           2           3   0.0000000000000000     
           1           4           2           2           2           4   0.0000000000000000     
           1           4           2           2           3           3   0.0000000000000000     
           1           4           2           2           3           4   0.0000000000000000     
           1           4           2           2           4           4   0.0000000000000000     
           1           4           2           3           3           3   0.0000000000000000     
           1           4           2           3           3           4   0.0000000000000000     
           1           4           2           3           4           4   0.0000000000000000     
           1           4           2           4           4           4   0.0000000000000000     
           1           4           3           3           3           3   0.0000000000000000     
           1           4           3           3           3           4   0.0000000000000000     
           1           4           3           3           4           4   0.0000000000000000     
           1           4           3           4           4           4   0.0000000000000000     
           1           4           4           4           4           4   0.0000000000000000     
           2           2           1           1   0.0000000000000000     
           2           2           1           2   0.0000000000000000     
           2           2           1           3   0.0000000000000000     
           2           2           1           4   0.0000000000000000     
           2           2           2           2   0.0000000000000000     
           2           2           2           3   0.0000000000000000     
           2           2           2           4   0.0000000000000000     
           2           2           3           3   0.0000000000000000     
           2           2           3           4   0.0000000000000000     
           2           2           4           4   0.0000000000000000     
           2           3           1           1           1   0.0000000000000000     
           2           3           1           1           2   0.0000000000000000     
           2           3           1           1           3   0.0000000000000000     
           2           3           1           1           4   0.0000000000000000     
           2           3           1           2           2   0.0000000000000000     
           2           3           1           2           3   0.0000000000000000     
           2           3           1           2           4   0.0000000000000000     
           2           3           1           3           3   0.0000000000000000     
           2           3           1           3           4   0.0000000000000000     
           2           3           1           4           4   0.0000000000000000     
           2           3           2           2           2   0.0000000000000000     
           2           3           2           2           3   0.0000000000000000     
           2           3           2           2           4   0.0000000000000000     
           2           3           2           3           3   0.0000000000000000     
           2           3           2           3           4   0.0000000000000000     
           2           3           2           4           4   0.0000000000000000     
           2           3           3           3           3   0.0000000000000000     
           2           3           3           3           4   0.0000000000000000     
           2           3           3           4           4   0.0000000000000000     
           2           3           4           4           4   0.0000000000000000     
           2           4           1           1           1           1   0.0000000000000000     
           2           4           1           1           1           2   0.0000000000000000     
           2           4           1           1           1           3   0.0000000000000000     
           2           4           1           1           1           4   0.0000000000000000     
           2           4           1           1           2           2   0.0000000000000000     
           2           4           1           1           2           3   0.0000000000000000     
           2           4           1           1           2           4   0.0000000000000000     
           2           4           1           1           3           3   0.0000000000000000     
           2           4           1           1           3           4   0.0000000000000000     
           2           4           1           1           4           4   0.0000000000000000     
           2           4           1           2           2           2   0.0000000000000000     
           2           4           1           2           2           3   0.0000000000000000     
           2           4           1           2           2           4   0.0000000000000000     
           2           4           1           2           3           3   0.0000000000000000     
           2           4           1           2           3           4   0.0000000000000000     
           2           4           1           2           4           4   0.0000000000000000     
           2           4           1           3           3           3   0.0000000000000000     
           2           4           1           3           3           4   0.0000000000000000     
           2           4           1           3           4           4   0.0000000000000000     
           2           4           1           4           4           4   0.0000000000000000     
           2           4           2           2           2           2   0.0000000000000000     
           2           4           2           2           2           3   0.0000000000000000     
           2           4           2           2           2           4   0.0000000000000000     
           2           4           2           2           3           3   0.0000000000000000     
           2           4           2           2           3           4   0.0000000000000000     
           2           4           2           2           4           4   0.0000000000000000     
           2           4           2           3           3           3   0.0000000000000000     
           2           4           2           3           3           4   0.0000000000000000     
           2           4           2           3           4           4   0.0000000000000000     
           2           4           2           4           4           4   0.0000000000000000     
           2           4           3           3           3           3   0.0000000000000000     
           2           4           3           3           3           4   0.0000000000000000     
           2           4           3           3           4           4   0.0000000000000000     
           2           4           3           4           4           4   0.0000000000000000     
           2           4           4           4           4           4   0.0000000000000000     
           3           2           1           1   0.0000000000000000     
           3           2           1           2   0.0000000000000000     
           3           2           1           3   0.0000000000000000     
           3           2           1           4   0.0000000000000000     
           3           2           2           2   0.0000000000000000     
           3           2           2           3   0.0000000000000000     
           3           2           2           4   0.0000000000000000     
           3           2           3           3   0.0000000000000000     
           3           2           3           4   0.0000000000000000     
           3           2           4           4   0.0000000000000000     
           3           3           1           1           1   0.0000000000000000     
           3           3           1           1           2   0.0000000000000000     
           3           3           1           1           3   0.0000000000000000     
           3           3           1           1           4   0.0000000000000000     
           3           3           1           2           2   0.0000000000000000     
           3           3           1           2           3   0.0000000000000000     
           3           3           1           2           4   0.0000000000000000     
           3           3           1           3           3   0.0000000000000000     
           3           3           1           3           4   0.0000000000000000     
           3           3           1           4           4   0.0000000000000000     
           3           3           2           2           2   0.0000000000000000     
           3           3           2           2           3   0.0000000000000000     
           3           3           2           2           4   0.0000000000000000     
           3           3           2           3           3   0.0000000000000000     
           3           3           2           3           4   0.0000000000000000     
           3           3           2           4           4   0.0000000000000000     
           3           3           3           3           3   0.0000000000000000     
           3           3           3           3           4   0.0000000000000000     
           3           3           3           4           4   0.0000000000000000     
           3           3           4           4           4   0.0000000000000000     
           3           4           1           1           1           1   0.0000000000000000     
           3           4           1           1           1           2   0.0000000000000000     
           3           4           1           1           1           3   0.0000000000000000     
           3           4           1           1           1           4   0.0000000000000000     
           3           4           1           1           2           2   0.0000000000000000     
           3           4           1           1           2           3   0.0000000000000000     
           3           4           1           1           2           4   0.0000000000000000     
           3           4           1           1           3           3   0.0000000000000000     
           3           4           1           1           3           4   0.0000000000000000     
           3           4           1           1           4           4   0.0000000000000000     
           3           4           1           2           2           2   0.0000000000000000     
           3           4           1           2           2           3   0.0000000000000000     
           3           4           1           2           2           4   0.0000000000000000     
           3           4           1           2           3           3   0.0000000000000000     
           3           4           1           2           3           4   0.0000000000000000     
           3           4           1           2           4           4   0.0000000000000000     
           3           4           1           3           3           3   0.0000000000000000     
           3           4           1           3           3           4   0.0000000000000000     
           3           4           1           3           4           4   0.0000000000000000     
           3           4           1           4           4           4   0.0000000000000000     
           3           4           2           2           2           2   0.0000000000000000     
           3           4           2           2           2           3   0.0000000000000000     
           3           4           2           2           2           4   0.0000000000000000     
           3           4           2           2           3           3   0.0000000000000000     
           3           4           2           2           3           4   0.0000000000000000     
           3           4           2           2           4           4   0.0000000000000000     
           3           4           2           3           3           3   0.0000000000000000     
           3           4           2           3           3           4   0.0000000000000000     
           3           4           2           3           4           4   0.0000000000000000     
           3           4           2           4           4           4   0.0000000000000000     
           3           4           3           3           3           3   0.0000000000000000     
           3           4           3           3           3           4   0.0000000000000000     
           3           4           3           3           4           4   0.0000000000000000     
           3           4           3           4           4           4   0.0000000000000000     
           3           4           4           4           4           4   0.0000000000000000     
           4           2           1           1   0.0000000000000000     
           4           2           1           2   0.0000000000000000     
           4           2           1           3   0.0000000000000000     
           4           2           1           4   0.0000000000000000     
           4           2           2           2   0.0000000000000000     
           4           2           2           3   0.0000000000000000     
           4           2           2           4   0.0000000000000000     
           4           2           3           3   0.0000000000000000     
           4           2           3           4   0.0000000000000000     
           4           2           4           4   0.0000000000000000     
           4           3           1           1           1   0.0000000000000000     
           4           3           1           1           2   0.0000000000000000     
           4           3           1           1           3   0.0000000000000000     
           4           3           1           1           4   0.0000000000000000     
           4           3           1           2           2   0.0000000000000000     
           4           3           1           2           3   0.0000000000000000     
           4           3           1           2           4   0.0000000000000000     
           4           3           1           3           3   0.0000000000000000     
           4           3           1           3           4   0.0000000000000000     
           4           3           1           4           4   0.0000000000000000     
           4           3           2           2           2   0.0000000000000000     
           4           3           2           2           3   0.0000000000000000     
           4           3           2           2           4   0.0000000000000000     
           4           3           2           3           3   0.0000000000000000     
           4           3           2           3           4   0.0000000000000000     
           4           3           2           4           4   0.0000000000000000     
           4           3           3           3           3   0.0000000000000000     
           4           3           3           3           4   0.0000000000000000     
           4           3           3           4           4   0.0000000000000000     
           4           3           4           4           4   0.0000000000000000     
           4           4           1           1           1           1   0.0000000000000000     
           4           4           1           1           1           2   0.0000000000000000     
           4           4           1           1           1           3   0.0000000000000000     
           4           4           1           1           1           4   0.0000000000000000     
           4           4           1           1           2           2   0.0000000000000000     
           4           4           1           1           2           3   0.0000000000000000     
           4           4           1           1           2           4   0.0000000000000000     
           4           4           1           1           3           3   0.0000000000000000     
           4           4           1           1           3           4   0.0000000000000000     
           4           4           1           1           4           4   0.0000000000000000     
           4           4           1           2           2           2   0.0000000000000000     
           4           4           1           2           2           3   0.0000000000000000     
           4           4           1           2           2           4   0.0000000000000000     
           4           4           1           2           3           3   0.0000000000000000     
           4           4           1           2           3           4   0.0000000000000000     
           4           4           1           2           4           4   0.0000000000000000     
           4           4           1           3           3           3   0.0000000000000000     
           4           4           1           3           3           4   0.0000000000000000     
           4           4           1           3           4           4   0.0000000000000000     
           4           4           1           4           4           4   0.0000000000000000     
           4           4           2           2           2           2   0.0000000000000000     
           4           4           2           2           2           3   0.0000000000000000     
           4           4           2           2           2           4   0.0000000000000000     
           4           4           2           2           3           3   0.0000000000000000     
           4           4           2           2           3           4   0.0000000000000000     
           4           4           2           2           4           4   0.0000000000000000     
           4           4           2           3           3           3   0.0000000000000000     
           4           4           2           3           3           4   0.0000000000000000     
           4           4           2           3           4           4   0.0000000000000000     
           4           4           2           4           4           4   0.0000000000000000     
           4           4           3           3           3           3   0.0000000000000000     
           4           4           3           3           3           4   0.0000000000000000     
           4           4           3           3           4           4   0.0000000000000000     
           4           4           3           4           4           4   0.0000000000000000     
           4           4           4           4           4           4   0.0000000000000000     
 #           1           1           1           2
           1           2           1           1  -12855424.458926119     
           1           2           1           2  -12612394.601919480     
           1           2           1           3   25467819.060845628     
           1           2           1           4   0.0000000000000000     
           1           2           2           2  -2003600.5909386128     
           1           2           2           3   14615995.192858063     
           1           2           2           4   0.0000000000000000     
           1           2           3           3  -40083814.253703706     
           1           2           3           4   0.0000000000000000     
           1           2           4           4  -27471419.651784215     
           1           3           1           1           1   23117322791.128086     
           1           3           1           1           2   11231850962.475927     
           1           3           1           1           3  -34349173753.604008     
           1           3           1           1           4   0.0000000000000000     
           1           3           1           2           2  -10495028931.830788     
           1           3           1           2           3  -736822030.64509583     
           1           3           1           2           4   0.0000000000000000     
           1           3           1           3           3   35085995784.249115     
           1           3           1           3           4   0.0000000000000000     
           1           3           1           4           4   23854144821.773270     
           1           3           2           2           2  -24743205215.794983     
           1           3           2           2           3   35238234147.625748     
           1           3           2           2           4   0.0000000000000000     
           1           3           2           3           3  -34501412116.980652     
           1           3           2           3           4   0.0000000000000000     
           1           3           2           4           4  -24006383185.149902     
           1           3           3           3           3  -584583667.26845169     
           1           3           3           3           4   0.0000000000000000     
           1           3           3           4           4   152238363.37664223     
           1           3           4           4           4   0.0000000000000000     
           1           4           1           1           1           1  -50061462661347.688     
           1           4           1           1           1           2  -7191566202831.5645     
           1           4           1           1           1           3   57253028864179.383     
           1           4           1           1           1           4   0.0000000000000000     
           1           4           1           1           2           2   28700238317067.641     
           1           4           1           1           2           3  -21508672114236.000     
           1           4           1           1           2           4   0.0000000000000000     
           1           4           1           1           3           3  -35744356749943.406     
           1           4           1           1           3           4   0.0000000000000000     
           1           4           1           1           4           4  -28552790547111.832     
           1           4           1           2           2           2   14489396150763.270     
           1           4           1           2           2           3  -43189634467830.867     
           1           4           1           2           2           4   0.0000000000000000     
           1           4           1           2           3           3   64698306582066.836     
           1           4           1           2           3           4   0.0000000000000000     
           1           4           1           2           4           4   35998068264999.266     
           1           4           1           3           3           3  -28953949832123.438     
           1           4           1           3           3           4   0.0000000000000000     
           1           4           1           3           4           4  -7445277717887.4629     
           1           4           1           4           4           4   0.0000000000000000     
           1           4           2           2           2           2  -65768316168597.094     
           1           4           2           2           2           3   51278920017833.844     
           1           4           2           2           2           4   0.0000000000000000     
           1           4           2           2           3           3  -8089285550003.0156     
           1           4           2           2           3           4   0.0000000000000000     
           1           4           2           2           4           4  -22578681700766.238     
           1           4           2           3           3           3  -56609021032063.812     
           1           4           2           3           3           4   0.0000000000000000     
           1           4           2           3           4           4  -13419386564232.996     
           1           4           2           4           4           4   0.0000000000000000     
           1           4           3           3           3           3   85562970864187.281     
           1           4           3           3           3           4   0.0000000000000000     
           1           4           3           3           4           4   20864664282120.461     
           1           4           3           4           4           4   0.0000000000000000     
           1           4           4           4           4           4   45400211948636.375     
           2           2           1           1  -12612394.601919468     
           2           2           1           2  -2003600.5909386370     
           2           2           1           3   14615995.192858085     
           2           2           1           4   0.0000000000000000     
           2           2           2           2   37011375.386201784     
           2           2           2           3  -35007774.795263156     
           2           2           2           4   0.0000000000000000     
           2           2           3           3   20391779.602405079     
           2           2           3           4   0.0000000000000000     
           2           2           4           4   22395380.193343703     
           2           3           1           1           1   11231850962.475889     
           2           3           1           1           2  -10495028931.830770     
           2           3           1           1           3  -736822030.64511871     
           2           3           1           1           4   0.0000000000000000     
           2           3           1           2           2  -24743205215.795006     
           2           3           1           2           3   35238234147.625755     
           2           3           1           2           4   0.0000000000000000     
           2           3           1           3           3  -34501412116.980629     
           2           3           1           3           4   0.0000000000000000     
           2           3           1           4           4  -24006383185.149899     
           2           3           2           2           2   46239625453.439407     
           2           3           2           2           3  -21496420237.644375     
           2           3           2           2           4   0.0000000000000000     
           2           3           2           3           3  -13741813909.981369     
           2           3           2           3           4   0.0000000000000000     
           2           3           2           4           4   11001391305.813635     
           2           3           3           3           3   48243226026.962021     
           2           3           3           3           4   0.0000000000000000     
           2           3           3           4           4   13004991879.336266     
           2           3           4           4           4   0.0000000000000000     
           2           4           1           1           1           1  -7191566202831.6562     
           2           4           1           1           1           2   28700238317067.609     
           2           4           1           1           1           3  -21508672114235.977     
           2           4           1           1           1           4   0.0000000000000000     
           2           4           1           1           2           2   14489396150763.344     
           2           4           1           1           2           3  -43189634467830.875     
           2           4           1           1           2           4   0.0000000000000000     
           2           4           1           1           3           3   64698306582066.844     
           2           4           1           1           3           4   0.0000000000000000     
           2           4           1           1           4           4   35998068264999.266     
           2           4           1           2           2           2  -65768316168597.164     
           2           4           1           2           2           3   51278920017833.789     
           2           4           1           2           2           4   0.0000000000000000     
           2           4           1           2           3           3  -8089285550003.0039     
           2           4           1           2           3           4   0.0000000000000000     
           2           4           1           2           4           4  -22578681700766.273     
           2           4           1           3           3           3  -56609021032063.828     
           2           4           1           3           3           4   0.0000000000000000     
           2           4           1           3           4           4  -13419386564232.998     
           2           4           1           4           4           4   0.0000000000000000     
           2           4           2           2           2           2   50196658367857.703     
           2           4           2           2           2           3   15571657800739.453     
           2           4           2           2           2           4   0.0000000000000000     
           2           4           2           2           3           3  -66850577818573.234     
           2           4           2           2           3           4   0.0000000000000000     
           2           4           2           2           4           4  -1082261649976.1367     
           2           4           2           3           3           3   74939863368576.219     
           2           4           2           3           3           4   0.0000000000000000     
           2           4           2           3           4           4   23660943350742.398     
           2           4           2           4           4           4   0.0000000000000000     
           2           4           3           3           3           3  -18330842336512.391     
           2           4           3           3           3           4   0.0000000000000000     
           2           4           3           3           4           4  -10241556786509.402     
           2           4           3           4           4           4   0.0000000000000000     
           2           4           4           4           4           4  -37011374742770.570     
           3           2           1           1   25467819.060845606     
           3           2           1           2   14615995.192858061     
           3           2           1           3  -40083814.253703676     
           3           2           1           4   0.0000000000000000     
           3           2           2           2  -35007774.795263171     
           3           2           2           3   20391779.602405090     
           3           2           2           4   0.0000000000000000     
           3           2           3           3   19692034.651298579     
           3           2           3           4   0.0000000000000000     
           3           2           4           4   5076039.4584405161     
           3           3           1           1           1  -34349173753.604004     
           3           3           1           1           2  -736822030.64508820     
           3           3           1           1           3   35085995784.249115     
           3           3           1           1           4   0.0000000000000000     
           3           3           1           2           2   35238234147.625740     
           3           3           1           2           3  -34501412116.980637     
           3           3           1           2           4   0.0000000000000000     
           3           3           1           3           3  -584583667.26845574     
           3           3           1           3           4   0.0000000000000000     
           3           3           1           4           4   152238363.37664127     
           3           3           2           2           2  -21496420237.644379     
           3           3           2           2           3  -13741813909.981363     
           3           3           2           2           4   0.0000000000000000     
           3           3           2           3           3   48243226026.961998     
           3           3           2           3           4   0.0000000000000000     
           3           3           2           4           4   13004991879.336264     
           3           3           3           3           3  -47658642359.693542     
           3           3           3           3           4   0.0000000000000000     
           3           3           3           4           4  -13157230242.712900     
           3           3           4           4           4   0.0000000000000000     
           3           4           1           1           1           1   57253028864179.383     
           3           4           1           1           1           2  -21508672114235.977     
           3           4           1           1           1           3  -35744356749943.406     
           3           4           1           1           1           4   0.0000000000000000     
           3           4           1           1           2           2  -43189634467830.805     
           3           4           1           1           2           3   64698306582066.812     
           3           4           1           1           2           4   0.0000000000000000     
           3           4           1           1           3           3  -28953949832123.438     
           3           4           1           1           3           4   0.0000000000000000     
           3           4           1           1           4           4  -7445277717887.4746     
           3           4           1           2           2           2   51278920017833.828     
           3           4           1           2           2           3  -8089285550003.0176     
           3           4           1           2           2           4   0.0000000000000000     
           3           4           1           2           3           3  -56609021032063.836     
           3           4           1           2           3           4   0.0000000000000000     
           3           4           1           2           4           4  -13419386564233.006     
           3           4           1           3           3           3   85562970864187.297     
           3           4           1           3           3           4   0.0000000000000000     
           3           4           1           3           4           4   20864664282120.469     
           3           4           1           4           4           4   0.0000000000000000     
           3           4           2           2           2           2   15571657800739.418     
           3           4           2           2           2           3  -66850577818573.195     
           3           4           2           2           2           4   0.0000000000000000     
           3           4           2           2           3           3   74939863368576.219     
           3           4           2           2           3           4   0.0000000000000000     
           3           4           2           2           4           4   23660943350742.414     
           3           4           2           3           3           3  -18330842336512.391     
           3           4           2           3           3           4   0.0000000000000000     
           3           4           2           3           4           4  -10241556786509.406     
           3           4           2           4           4           4   0.0000000000000000     
           3           4           3           3           3           3  -67232128527674.875     
           3           4           3           3           3           4   0.0000000000000000     
           3           4           3           3           4           4  -10623107495611.059     
           3           4           3           4           4           4   0.0000000000000000     
           3           4           4           4           4           4  -8388837205865.8242     
           4           2           1           1   0.0000000000000000     
           4           2           1           2   0.0000000000000000     
           4           2           1           3   0.0000000000000000     
           4           2           1           4  -27471419.651784219     
           4           2           2           2   0.0000000000000000     
           4           2           2           3   0.0000000000000000     
           4           2           2           4   22395380.193343699     
           4           2           3           3   0.0000000000000000     
           4           2           3           4   5076039.4584405171     
           4           2           4           4   0.0000000000000000     
           4           3           1           1           1   0.0000000000000000     
           4           3           1           1           2   0.0000000000000000     
           4           3           1           1           3   0.0000000000000000     
           4           3           1           1           4   23854144821.773270     
           4           3           1           2           2   0.0000000000000000     
           4           3           1           2           3   0.0000000000000000     
           4           3           1           2           4  -24006383185.149902     
           4           3           1           3           3   0.0000000000000000     
           4           3           1           3           4   152238363.37663525     
           4           3           1           4           4   0.0000000000000000     
           4           3           2           2           2   0.0000000000000000     
           4           3           2           2           3   0.0000000000000000     
           4           3           2           2           4   11001391305.813637     
           4           3           2           3           3   0.0000000000000000     
           4           3           2           3           4   13004991879.336264     
           4           3           2           4           4   0.0000000000000000     
           4           3           3           3           3   0.0000000000000000     
           4           3           3           3           4  -13157230242.712900     
           4           3           3           4           4   0.0000000000000000     
           4           3           4           4           4  -32547458827.311028     
           4           4           1           1           1           1   0.0000000000000000     
           4           4           1           1           1           2   0.0000000000000000     
           4           4           1           1           1           3   0.0000000000000000     
           4           4           1           1           1           4  -28552790547111.812     
           4           4           1           1           2           2   0.0000000000000000     
           4           4           1           1           2           3   0.0000000000000000     
           4           4           1           1           2           4   35998068264999.266     
           4           4           1           1           3           3   0.0000000000000000     
           4           4           1           1           3           4  -7445277717887.4600     
           4           4           1           1           4           4   0.0000000000000000     
           4           4           1           2           2           2   0.0000000000000000     
           4           4           1           2           2           3   0.0000000000000000     
           4           4           1           2           2           4  -22578681700766.270     
           4           4           1           2           3           3   0.0000000000000000     
           4           4           1           2           3           4  -13419386564233.000     
           4           4           1           2           4           4   0.0000000000000000     
           4           4           1           3           3           3   0.0000000000000000     
           4           4           1           3           3           4   20864664282120.465     
           4           4           1           3           4           4   0.0000000000000000     
           4           4           1           4           4           4   45400211948636.383     
           4           4           2           2           2           2   0.0000000000000000     
           4           4           2           2           2           3   0.0000000000000000     
           4           4           2           2           2           4  -1082261649976.1458     
           4           4           2           2           3           3   0.0000000000000000     
           4           4           2           2           3           4   23660943350742.402     
           4           4           2           2           4           4   0.0000000000000000     
           4           4           2           3           3           3   0.0000000000000000     
           4           4           2           3           3           4  -10241556786509.402     
           4           4           2           3           4           4   0.0000000000000000     
           4           4           2           4           4           4  -37011374742770.562     
           4           4           3           3           3           3   0.0000000000000000     
           4           4           3           3           3           4  -10623107495611.059     
           4           4           3           3           4           4   0.0000000000000000     
           4           4           3           4           4           4  -8388837205865.8203     
           4           4           4           4           4           4   0.0000000000000000     
 #           1           1           1           3
           1           2           1           1  -6850735.5654565580     
           1           2           1           2  -4070660.6100541395     
           1           2           1           3   10921396.175510691     
           1           2           1           4   0.0000000000000000     
           1           2           2           2   1438830.8368715458     
           1           2           2           3   2631829.7731825793     
           1           2           2           4   0.0000000000000000     
           1           2           3           3  -13553225.948693272     
           1           2           3           4   0.0000000000000000     
           1           2           4           4  -9482565.3386391513     
           1           3           1           1           1   6936102117.4427795     
           1           3           1           1           2   1063660371.8485227     
           1           3           1           1           3  -7999762489.2912912     
           1           3           1           1           4   0.0000000000000000     
           1           3           1           2           2  -3479357796.3340874     
           1           3           1           2           3   2415697424.4855671     
           1           3           1           2           4   0.0000000000000000     
           1           3           1           3           3   5584065064.8057270     
           1           3           1           3           4   0.0000000000000000     
           1           3           1           4           4   4520404692.9572239     
           1           3           2           2           2  -2942955419.1372919     
           1           3           2           2           3   6422313215.4713764     
           1           3           2           2           4   0.0000000000000000     
           1           3           2           3           3  -8838010639.9569359     
           1           3           2           3           4   0.0000000000000000     
           1           3           2           4           4  -5358652843.6228609     
           1           3           3           3           3   3253945575.1512108     
           1           3           3           3           4   0.0000000000000000     
           1           3           3           4           4   838248150.66564178     
           1           3           4           4           4   0.0000000000000000     
           1           4           1           1           1           1  -8206506355279.8867     
           1           4           1           1           1           2   1513875842071.8530     
           1           4           1           1           1           3   6692630513208.0234     
           1           4           1           1           1           4   0.0000000000000000     
           1           4           1           1           2           2   3959827414756.5596     
           1           4           1           1           2           3  -5473703256828.4131     
           1           4           1           1           2           4   0.0000000000000000     
           1           4           1           1           3           3  -1218927256379.5986     
           1           4           1           1           3           4   0.0000000000000000     
           1           4           1           1           4           4  -2732803098451.4834     
           1           4           1           2           2           2  -970241628623.89819     
           1           4           1           2           2           3  -2989585786132.6348     
           1           4           1           2           2           4   0.0000000000000000     
           1           4           1           2           3           3   8463289042961.0527     
           1           4           1           2           3           4   0.0000000000000000     
           1           4           1           2           4           4   4503461628204.5166     
           1           4           1           3           3           3  -7244361786581.4492     
           1           4           1           3           3           4   0.0000000000000000     
           1           4           1           3           4           4  -1770658529753.0342     
           1           4           1           4           4           4   0.0000000000000000     
           1           4           2           2           2           2  -6628733792482.6973     
           1           4           2           2           2           3   7598975421106.6084     
           1           4           2           2           2           4   0.0000000000000000     
           1           4           2           2           3           3  -4609389634973.9697     
           1           4           2           2           3           4   0.0000000000000000     
           1           4           2           2           4           4  -3639148006350.0645     
           1           4           2           3           3           3  -3853899407987.0845     
           1           4           2           3           3           4   0.0000000000000000     
           1           4           2           3           4           4  -864313621854.44873     
           1           4           2           4           4           4   0.0000000000000000     
           1           4           3           3           3           3   11098261194568.535     
           1           4           3           3           3           4   0.0000000000000000     
           1           4           3           3           4           4   2634972151607.4824     
           1           4           3           4           4           4   0.0000000000000000     
           1           4           4           4           4           4   5605468429791.0957     
           2           2           1           1  -4070660.6100541335     
           2           2           1           2   1438830.8368715537     
           2           2           1           3   2631829.7731825747     
           2           2           1           4   0.0000000000000000     
           2           2           2           2   11228676.169942830     
           2           2           2           3  -12667507.006814402     
           2           2           2           4   0.0000000000000000     
           2           2           3           3   10035677.233631814     
           2           2           3           4   0.0000000000000000     
           2           2           4           4   8596846.3967602588     
           2           3           1           1           1   1063660371.8484993     
           2           3           1           1           2  -3479357796.3340793     
           2           3           1           1           3   2415697424.4855709     
           2           3           1           1           4   0.0000000000000000     
           2           3           1           2           2  -2942955419.1372833     
           2           3           1           2           3   6422313215.4713726     
           2           3           1           2           4   0.0000000000000000     
           2           3           1           3           3  -8838010639.9569416     
           2           3           1           3           4   0.0000000000000000     
           2           3           1           4           4  -5358652843.6228580     
           2           3           2           2           2   9585620377.9598179     
           2           3           2           2           3  -6642664958.8225393     
           2           3           2           2           4   0.0000000000000000     
           2           3           2           3           3   220351743.35117626     
           2           3           2           3           4   0.0000000000000000     
           2           3           2           4           4   3163307162.4884634     
           2           3           3           3           3   8617658896.6057625     
           2           3           3           3           4   0.0000000000000000     
           2           3           3           4           4   2195345681.1343961     
           2           3           4           4           4   0.0000000000000000     
           2           4           1           1           1           1   1513875842071.8706     
           2           4           1           1           1           2   3959827414756.5381     
           2           4           1           1           1           3  -5473703256828.4160     
           2           4           1           1           1           4   0.0000000000000000     
           2           4           1           1           2           2  -970241628623.89722     
           2           4           1           1           2           3  -2989585786132.6318     
           2           4           1           1           2           4   0.0000000000000000     
           2           4           1           1           3           3   8463289042961.0508     
           2           4           1           1           3           4   0.0000000000000000     
           2           4           1           1           4           4   4503461628204.5127     
           2           4           1           2           2           2  -6628733792482.6904     
           2           4           1           2           2           3   7598975421106.6045     
           2           4           1           2           2           4   0.0000000000000000     
           2           4           1           2           3           3  -4609389634973.9707     
           2           4           1           2           3           4   0.0000000000000000     
           2           4           1           2           4           4  -3639148006350.0645     
           2           4           1           3           3           3  -3853899407987.0830     
           2           4           1           3           3           4   0.0000000000000000     
           2           4           1           3           4           4  -864313621854.44873     
           2           4           1           4           4           4   0.0000000000000000     
           2           4           2           2           2           2   8428625030785.5215     
           2           4           2           2           2           3  -1799891238302.8433     
           2           4           2           2           2           4   0.0000000000000000     
           2           4           2           2           3           3  -5799084182803.7666     
           2           4           2           2           3           4   0.0000000000000000     
           2           4           2           2           4           4   829649609678.93848     
           2           4           2           3           3           3   10408473817777.729     
           2           4           2           3           3           4   0.0000000000000000     
           2           4           2           3           4           4   2809498396671.1299     
           2           4           2           4           4           4   0.0000000000000000     
           2           4           3           3           3           3  -6554574409790.6504     
           2           4           3           3           3           4   0.0000000000000000     
           2           4           3           3           4           4  -1945184774816.6809     
           2           4           3           4           4           4   0.0000000000000000     
           2           4           4           4           4           4  -5081889694600.1523     
           3           2           1           1   10921396.175510716     
           3           2           1           2   2631829.7731825816     
           3           2           1           3  -13553225.948693303     
           3           2           1           4   0.0000000000000000     
           3           2           2           2  -12667507.006814396     
           3           2           2           3   10035677.233631797     
           3           2           2           4   0.0000000000000000     
           3           2           3           3   3517548.7150614774     
           3           2           3           4   0.0000000000000000     
           3           2           4           4   885718.94187889434     
           3           3           1           1           1  -7999762489.2913017     
           3           3           1           1           2   2415697424.4855719     
           3           3           1           1           3   5584065064.8057346     
           3           3           1           1           4   0.0000000000000000     
           3           3           1           2           2   6422313215.4713726     
           3           3           1           2           3  -8838010639.9569359     
           3           3           1           2           4   0.0000000000000000     
           3           3           1           3           3   3253945575.1512079     
           3           3           1           3           4   0.0000000000000000     
           3           3           1           4           4   838248150.66564512     
           3           3           2           2           2  -6642664958.8225384     
           3           3           2           2           3   220351743.35116816     
           3           3           2           2           4   0.0000000000000000     
           3           3           2           3           3   8617658896.6057682     
           3           3           2           3           4   0.0000000000000000     
           3           3           2           4           4   2195345681.1343970     
           3           3           3           3           3  -11871604471.756973     
           3           3           3           3           4   0.0000000000000000     
           3           3           3           4           4  -3033593831.8000417     
           3           3           4           4           4   0.0000000000000000     
           3           4           1           1           1           1   6692630513208.0156     
           3           4           1           1           1           2  -5473703256828.4238     
           3           4           1           1           1           3  -1218927256379.5981     
           3           4           1           1           1           4   0.0000000000000000     
           3           4           1           1           2           2  -2989585786132.6274     
           3           4           1           1           2           3   8463289042961.0566     
           3           4           1           1           2           4   0.0000000000000000     
           3           4           1           1           3           3  -7244361786581.4512     
           3           4           1           1           3           4   0.0000000000000000     
           3           4           1           1           4           4  -1770658529753.0369     
           3           4           1           2           2           2   7598975421106.6055     
           3           4           1           2           2           3  -4609389634973.9658     
           3           4           1           2           2           4   0.0000000000000000     
           3           4           1           2           3           3  -3853899407987.0835     
           3           4           1           2           3           4   0.0000000000000000     
           3           4           1           2           4           4  -864313621854.44824     
           3           4           1           3           3           3   11098261194568.539     
           3           4           1           3           3           4   0.0000000000000000     
           3           4           1           3           4           4   2634972151607.4844     
           3           4           1           4           4           4   0.0000000000000000     
           3           4           2           2           2           2  -1799891238302.8369     
           3           4           2           2           2           3  -5799084182803.7646     
           3           4           2           2           2           4   0.0000000000000000     
           3           4           2           2           3           3   10408473817777.725     
           3           4           2           2           3           4   0.0000000000000000     
           3           4           2           2           4           4   2809498396671.1289     
           3           4           2           3           3           3  -6554574409790.6465     
           3           4           2           3           3           4   0.0000000000000000     
           3           4           2           3           4           4  -1945184774816.6797     
           3           4           2           4           4           4   0.0000000000000000     
           3           4           3           3           3           3  -4543686784777.8848     
           3           4           3           3           3           4   0.0000000000000000     
           3           4           3           3           4           4  -689787376790.80347     
           3           4           3           4           4           4   0.0000000000000000     
           3           4           4           4           4           4  -523578735190.93616     
           4           2           1           1   0.0000000000000000     
           4           2           1           2   0.0000000000000000     
           4           2           1           3   0.0000000000000000     
           4           2           1           4  -9482565.3386391569     
           4           2           2           2   0.0000000000000000     
           4           2           2           3   0.0000000000000000     
           4           2           2           4   8596846.3967602588     
           4           2           3           3   0.0000000000000000     
           4           2           3           4   885718.94187889434     
           4           2           4           4   0.0000000000000000     
           4           3           1           1           1   0.0000000000000000     
           4           3           1           1           2   0.0000000000000000     
           4           3           1           1           3   0.0000000000000000     
           4           3           1           1           4   4520404692.9572191     
           4           3           1           2           2   0.0000000000000000     
           4           3           1           2           3   0.0000000000000000     
           4           3           1           2           4  -5358652843.6228619     
           4           3           1           3           3   0.0000000000000000     
           4           3           1           3           4   838248150.66564262     
           4           3           1           4           4   0.0000000000000000     
           4           3           2           2           2   0.0000000000000000     
           4           3           2           2           3   0.0000000000000000     
           4           3           2           2           4   3163307162.4884615     
           4           3           2           3           3   0.0000000000000000     
           4           3           2           3           4   2195345681.1343985     
           4           3           2           4           4   0.0000000000000000     
           4           3           3           3           3   0.0000000000000000     
           4           3           3           3           4  -3033593831.8000407     
           4           3           3           4           4   0.0000000000000000     
           4           3           4           4           4  -6975177035.4684582     
           4           4           1           1           1           1   0.0000000000000000     
           4           4           1           1           1           2   0.0000000000000000     
           4           4           1           1           1           3   0.0000000000000000     
           4           4           1           1           1           4  -2732803098451.4795     
           4           4           1           1           2           2   0.0000000000000000     
           4           4           1           1           2           3   0.0000000000000000     
           4           4           1           1           2           4   4503461628204.5156     
           4           4           1           1           3           3   0.0000000000000000     
           4           4           1           1           3           4  -1770658529753.0339     
           4           4           1           1           4           4   0.0000000000000000     
           4           4           1           2           2           2   0.0000000000000000     
           4           4           1           2           2           3   0.0000000000000000     
           4           4           1           2           2           4  -3639148006350.0654     
           4           4           1           2           3           3   0.0000000000000000     
           4           4           1           2           3           4  -864313621854.44946     
           4           4           1           2           4           4   0.0000000000000000     
           4           4           1           3           3           3   0.0000000000000000     
           4           4           1           3           3           4   2634972151607.4839     
           4           4           1           3           4           4   0.0000000000000000     
           4           4           1           4           4           4   5605468429791.0908     
           4           4           2           2           2           2   0.0000000000000000     
           4           4           2           2           2           3   0.0000000000000000     
           4           4           2           2           2           4   829649609678.93433     
           4           4           2           2           3           3   0.0000000000000000     
           4           4           2           2           3           4   2809498396671.1299     
           4           4           2           2           4           4   0.0000000000000000     
           4           4           2           3           3           3   0.0000000000000000     
           4           4           2           3           3           4  -1945184774816.6807     
           4           4           2           3           4           4   0.0000000000000000     
           4           4           2           4           4           4  -5081889694600.1533     
           4           4           3           3           3           3   0.0000000000000000     
           4           4           3           3           3           4  -689787376790.80298     
           4           4           3           3           4           4   0.0000000000000000     
           4           4           3           4           4           4  -523578735190.93750     
           4           4           4           4           4           4   0.0000000000000000     
 #           1           1           1           4
           1           2           1           1  -18736980.640158147     
           1           2           1           2  -9714641.9376971517     
           1           2           1           3   28451622.577855289     
           1           2           1           4   0.0000000000000000     
           1           2           2           2   4795513.8980744444     
           1           2           2           3   4919128.0396227185     
           1           2           2           4   0.0000000000000000     
           1           2           3           3  -33370750.617478020     
           1           2           3           4   0.0000000000000000     
           1           2           4           4  -23656108.679780893     
           1           3           1           1           1   29501286326.399059     
           1           3           1           1           2   2501433536.6550102     
           1           3           1           1           3  -32002719863.054085     
           1           3           1           1           4   0.0000000000000000     
           1           3           1           2           2  -14604670275.193535     
           1           3           1           2           3   12103236738.538502     
           1           3           1           2           4   0.0000000000000000     
           1           3           1           3           3   19899483124.515575     
           1           3           1           3           4   0.0000000000000000     
           1           3           1           4           4   17398049587.860538     
           1           3           2           2           2  -9407635996.5788498     
           1           3           2           2           3   24012306271.772385     
           1           3           2           2           4   0.0000000000000000     
           1           3           2           3           3  -36115543010.310883     
           1           3           2           3           4   0.0000000000000000     
           1           3           2           4           4  -21510872735.117332     
           1           3           3           3           3   16216059885.795301     
           1           3           3           3           4   0.0000000000000000     
           1           3           3           4           4   4112823147.2568054     
           1           3           4           4           4   0.0000000000000000     
           1           4           1           1           1           1  -53739738545647.812     
           1           4           1           1           1           2   13897086304921.893     
           1           4           1           1           1           3   39842652240725.938     
           1           4           1           1           1           4   0.0000000000000000     
           1           4           1           1           2           2   24113971966274.016     
           1           4           1           1           2           3  -38011058271195.891     
           1           4           1           1           2           4   0.0000000000000000     
           1           4           1           1           3           3  -1831593969530.0469     
           1           4           1           1           3           4   0.0000000000000000     
           1           4           1           1           4           4  -15728680274451.965     
           1           4           1           2           2           2  -9974524879248.4512     
           1           4           1           2           2           3  -14139447087025.566     
           1           4           1           2           2           4   0.0000000000000000     
           1           4           1           2           3           3   52150505358221.461     
           1           4           1           2           3           4   0.0000000000000000     
           1           4           1           2           4           4   28036533391947.480     
           1           4           1           3           3           3  -50318911388691.406     
           1           4           1           3           3           4   0.0000000000000000     
           1           4           1           3           4           4  -12307853117495.512     
           1           4           1           4           4           4   0.0000000000000000     
           1           4           2           2           2           2  -38127833713482.648     
           1           4           2           2           2           3   48102358592731.125     
           1           4           2           2           2           4   0.0000000000000000     
           1           4           2           2           3           3  -33962911505705.523     
           1           4           2           2           3           4   0.0000000000000000     
           1           4           2           2           4           4  -23988386626457.121     
           1           4           2           3           3           3  -18187593852515.914     
           1           4           2           3           3           4   0.0000000000000000     
           1           4           2           3           4           4  -4048146765490.3525     
           1           4           2           4           4           4   0.0000000000000000     
           1           4           3           3           3           3   68506505241207.297     
           1           4           3           3           3           4   0.0000000000000000     
           1           4           3           3           4           4   16355999882985.857     
           1           4           3           4           4           4   0.0000000000000000     
           1           4           4           4           4           4   35041600526884.840     
           2           2           1           1  -9714641.9376971759     
           2           2           1           2   4795513.8980744425     
           2           2           1           3   4919128.0396227166     
           2           2           1           4   0.0000000000000000     
           2           2           2           2   26926970.784145668     
           2           2           2           3  -31722484.682220086     
           2           2           2           4   0.0000000000000000     
           2           2           3           3   26803356.642597370     
           2           2           3           4   0.0000000000000000     
           2           2           4           4   22007842.744522944     
           2           3           1           1           1   2501433536.6550236     
           2           3           1           1           2  -14604670275.193562     
           2           3           1           1           3   12103236738.538519     
           2           3           1           1           4   0.0000000000000000     
           2           3           1           2           2  -9407635996.5788574     
           2           3           1           2           3   24012306271.772381     
           2           3           1           2           4   0.0000000000000000     
           2           3           1           3           3  -36115543010.310890     
           2           3           1           3           4   0.0000000000000000     
           2           3           1           4           4  -21510872735.117340     
           2           3           2           2           2   37406020054.032455     
           2           3           2           2           3  -27998384057.453621     
           2           3           2           2           4   0.0000000000000000     
           2           3           2           3           3   3986077785.6812477     
           2           3           2           3           4   0.0000000000000000     
           2           3           2           4           4   13393713782.260065     
           2           3           3           3           3   32129465224.629631     
           2           3           3           3           4   0.0000000000000000     
           2           3           3           4           4   8117158952.8572788     
           2           3           4           4           4   0.0000000000000000     
           2           4           1           1           1           1   13897086304921.875     
           2           4           1           1           1           2   24113971966274.051     
           2           4           1           1           1           3  -38011058271195.906     
           2           4           1           1           1           4   0.0000000000000000     
           2           4           1           1           2           2  -9974524879248.4082     
           2           4           1           1           2           3  -14139447087025.562     
           2           4           1           1           2           4   0.0000000000000000     
           2           4           1           1           3           3   52150505358221.492     
           2           4           1           1           3           4   0.0000000000000000     
           2           4           1           1           4           4   28036533391947.465     
           2           4           1           2           2           2  -38127833713482.727     
           2           4           1           2           2           3   48102358592731.125     
           2           4           1           2           2           4   0.0000000000000000     
           2           4           1           2           3           3  -33962911505705.555     
           2           4           1           2           3           4   0.0000000000000000     
           2           4           1           2           4           4  -23988386626457.137     
           2           4           1           3           3           3  -18187593852515.930     
           2           4           1           3           3           4   0.0000000000000000     
           2           4           1           3           4           4  -4048146765490.3457     
           2           4           1           4           4           4   0.0000000000000000     
           2           4           2           2           2           2   54920891048116.711     
           2           4           2           2           2           3  -16793057334633.979     
           2           4           2           2           2           4   0.0000000000000000     
           2           4           2           2           3           3  -31309301258097.117     
           2           4           2           2           3           4   0.0000000000000000     
           2           4           2           2           4           4   6818532455385.5938     
           2           4           2           3           3           3   65272212763802.672     
           2           4           2           3           3           4   0.0000000000000000     
           2           4           2           3           4           4   17169854171071.529     
           2           4           2           4           4           4   0.0000000000000000     
           2           4           3           3           3           3  -47084618911286.734     
           2           4           3           3           3           4   0.0000000000000000     
           2           4           3           3           4           4  -13121707405581.189     
           2           4           3           4           4           4   0.0000000000000000     
           2           4           4           4           4           4  -32600037662627.824     
           3           2           1           1   28451622.577855289     
           3           2           1           2   4919128.0396227324     
           3           2           1           3  -33370750.617478043     
           3           2           1           4   0.0000000000000000     
           3           2           2           2  -31722484.682220079     
           3           2           2           3   26803356.642597359     
           3           2           2           4   0.0000000000000000     
           3           2           3           3   6567393.9748806804     
           3           2           3           4   0.0000000000000000     
           3           2           4           4   1648265.9352579489     
           3           3           1           1           1  -32002719863.054089     
           3           3           1           1           2   12103236738.538492     
           3           3           1           1           3   19899483124.515579     
           3           3           1           1           4   0.0000000000000000     
           3           3           1           2           2   24012306271.772362     
           3           3           1           2           3  -36115543010.310890     
           3           3           1           2           4   0.0000000000000000     
           3           3           1           3           3   16216059885.795300     
           3           3           1           3           4   0.0000000000000000     
           3           3           1           4           4   4112823147.2568035     
           3           3           2           2           2  -27998384057.453613     
           3           3           2           2           3   3986077785.6812429     
           3           3           2           2           4   0.0000000000000000     
           3           3           2           3           3   32129465224.629642     
           3           3           2           3           4   0.0000000000000000     
           3           3           2           4           4   8117158952.8572788     
           3           3           3           3           3  -48345525110.424973     
           3           3           3           3           4   0.0000000000000000     
           3           3           3           4           4  -12229982100.114079     
           3           3           4           4           4   0.0000000000000000     
           3           4           1           1           1           1   39842652240725.938     
           3           4           1           1           1           2  -38011058271195.875     
           3           4           1           1           1           3  -1831593969530.0767     
           3           4           1           1           1           4   0.0000000000000000     
           3           4           1           1           2           2  -14139447087025.578     
           3           4           1           1           2           3   52150505358221.484     
           3           4           1           1           2           4   0.0000000000000000     
           3           4           1           1           3           3  -50318911388691.359     
           3           4           1           1           3           4   0.0000000000000000     
           3           4           1           1           4           4  -12307853117495.516     
           3           4           1           2           2           2   48102358592731.094     
           3           4           1           2           2           3  -33962911505705.535     
           3           4           1           2           2           4   0.0000000000000000     
           3           4           1           2           3           3  -18187593852515.934     
           3           4           1           2           3           4   0.0000000000000000     
           3           4           1           2           4           4  -4048146765490.3516     
           3           4           1           3           3           3   68506505241207.328     
           3           4           1           3           3           4   0.0000000000000000     
           3           4           1           3           4           4   16355999882985.859     
           3           4           1           4           4           4   0.0000000000000000     
           3           4           2           2           2           2  -16793057334633.979     
           3           4           2           2           2           3  -31309301258097.105     
           3           4           2           2           2           4   0.0000000000000000     
           3           4           2           2           3           3   65272212763802.648     
           3           4           2           2           3           4   0.0000000000000000     
           3           4           2           2           4           4   17169854171071.531     
           3           4           2           3           3           3  -47084618911286.719     
           3           4           2           3           3           4   0.0000000000000000     
           3           4           2           3           4           4  -13121707405581.188     
           3           4           2           4           4           4   0.0000000000000000     
           3           4           3           3           3           3  -21421886329920.609     
           3           4           3           3           3           4   0.0000000000000000     
           3           4           3           3           4           4  -3234292477404.6758     
           3           4           3           4           4           4   0.0000000000000000     
           3           4           4           4           4           4  -2441562864257.0259     
           4           2           1           1   0.0000000000000000     
           4           2           1           2   0.0000000000000000     
           4           2           1           3   0.0000000000000000     
           4           2           1           4  -23656108.679780889     
           4           2           2           2   0.0000000000000000     
           4           2           2           3   0.0000000000000000     
           4           2           2           4   22007842.744522944     
           4           2           3           3   0.0000000000000000     
           4           2           3           4   1648265.9352579489     
           4           2           4           4   0.0000000000000000     
           4           3           1           1           1   0.0000000000000000     
           4           3           1           1           2   0.0000000000000000     
           4           3           1           1           3   0.0000000000000000     
           4           3           1           1           4   17398049587.860531     
           4           3           1           2           2   0.0000000000000000     
           4           3           1           2           3   0.0000000000000000     
           4           3           1           2           4  -21510872735.117344     
           4           3           1           3           3   0.0000000000000000     
           4           3           1           3           4   4112823147.2568059     
           4           3           1           4           4   0.0000000000000000     
           4           3           2           2           2   0.0000000000000000     
           4           3           2           2           3   0.0000000000000000     
           4           3           2           2           4   13393713782.260057     
           4           3           2           3           3   0.0000000000000000     
           4           3           2           3           4   8117158952.8572731     
           4           3           2           4           4   0.0000000000000000     
           4           3           3           3           3   0.0000000000000000     
           4           3           3           3           4  -12229982100.114082     
           4           3           3           4           4   0.0000000000000000     
           4           3           4           4           4  -27842671905.009758     
           4           4           1           1           1           1   0.0000000000000000     
           4           4           1           1           1           2   0.0000000000000000     
           4           4           1           1           1           3   0.0000000000000000     
           4           4           1           1           1           4  -15728680274451.949     
           4           4           1           1           2           2   0.0000000000000000     
           4           4           1           1           2           3   0.0000000000000000     
           4           4           1           1           2           4   28036533391947.465     
           4           4           1           1           3           3   0.0000000000000000     
           4           4           1           1           3           4  -12307853117495.514     
           4           4           1           1           4           4   0.0000000000000000     
           4           4           1           2           2           2   0.0000000000000000     
           4           4           1           2           2           3   0.0000000000000000     
           4           4           1           2           2           4  -23988386626457.121     
           4           4           1           2           3           3   0.0000000000000000     
           4           4           1           2           3           4  -4048146765490.3472     
           4           4           1           2           4           4   0.0000000000000000     
           4           4           1           3           3           3   0.0000000000000000     
           4           4           1           3           3           4   16355999882985.863     
           4           4           1           3           4           4   0.0000000000000000     
           4           4           1           4           4           4   35041600526884.840     
           4           4           2           2           2           2   0.0000000000000000     
           4           4           2           2           2           3   0.0000000000000000     
           4           4           2           2           2           4   6818532455385.5859     
           4           4           2           2           3           3   0.0000000000000000     
           4           4           2           2           3           4   17169854171071.533     
           4           4           2           2           4           4   0.0000000000000000     
           4           4           2           3           3           3   0.0000000000000000     
           4           4           2           3           3           4  -13121707405581.188     
           4           4           2           3           4           4   0.0000000000000000     
           4           4           2           4           4           4  -32600037662627.820     
           4           4           3           3           3           3   0.0000000000000000     
           4           4           3           3           3           4  -3234292477404.6733     
           4           4           3           3           4           4   0.0000000000000000     
           4           4           3           4           4           4  -2441562864257.0234     
           4           4           4           4           4           4   0.0000000000000000     
